Customer_0:[-0.018453026, -0.01441106, 0.02993168, -0.04216325, -0.013697772, -0.004771765, -0.0077206823, -0.0024156028, -0.026748301, -0.03820054, 0.032494232, 0.021728868, 0.004748649, -0.024476347, 0.0017749644, 0.016907569, 0.018558698, -0.02291768, 0.0023115815, -0.02950899]
Customer_1:[-0.02007183, -0.023450257, 0.022138633, -0.05824143, -0.015501018, 0.001480546, -0.011380662, 0.0008288739, -0.031373, -0.036857978, 0.03669899, 0.024536654, 0.0092674885, -0.022668583, 0.0020369927, 0.00920787, 0.016242947, -0.012844647, 0.014308632, -0.03086955]
Customer_2:[-0.016804488, -0.020620126, 0.028486613, -0.0504396, -0.01713117, -0.00586393, -0.008990271, 0.004769548, -0.023351183, -0.03750302, 0.03658831, 0.018189618, 0.0015525531, -0.029636532, 0.0071869898, 0.018111214, 0.019195797, -0.024200555, 0.0026885876, -0.029531995]
Customer_3:[-0.017798267, -0.019637642, 0.025420424, -0.04684451, -0.011479551, 0.0003568751, -0.011492784, 4.551398e-05, -0.031070877, -0.035914123, 0.037105087, 0.02744506, 0.006874498, -0.016739633, -0.003989723, 0.018142322, 0.012233827, -0.014913492, 0.0084492145, -0.024679381]
Customer_4:[-0.016029596, -0.010833704, 0.029086286, -0.0435223, -0.015226108, -0.004516275, -0.0034449573, -0.0033361514, -0.03548741, -0.047379043, 0.035621326, 0.028898805, 0.0061533833, -0.023140471, -0.0010562526, 0.017087523, 0.01687326, -0.012668337, 0.007539401, -0.033451907]
